 -4.116368293762207 -0.3329836428165436 
 2.3691840171813965 1.9486403465270996 
 -1.3169056177139282 1.4840331077575684 
 -1.059612512588501 -1.4349292516708374 
 -2.964618682861328 2.547417402267456 
 -3.1898789405822754 -1.876065969467163 
 -0.1264590620994568 0.7665515542030334 
 0.7698037624359131 1.059001088142395 
 -0.25712743401527405 -2.498537540435791 
 -4.879491806030273 -2.713933229446411 
 -3.069019079208374 4.740484714508057 
 1.2286078929901123 -2.9640097618103027 
 1.299189567565918 0.27114588022232056 
 2.034334182739258 -4.756765365600586 
 -3.5311646461486816 3.3361175060272217 
 1.0169742107391357 3.677091598510742 
 -2.873692274093628 0.5683085322380066 
 -1.2589490413665771 -0.21101577579975128 
 4.207213878631592 2.0479166507720947 
 -2.5814952850341797 3.6872010231018066 
 0.382931113243103 -3.6353039741516113